2.007000000000000012e-06 8.696423952304749489e+08
2.019000000000000066e-06 8.832777183466292620e+08
2.031999999999999773e-06 8.994166827303805351e+08
2.043999999999999827e-06 9.142262707556681633e+08
2.056999999999999957e-06 9.302466182076232433e+08
2.069000000000000011e-06 9.460225495383299589e+08
2.081999999999999717e-06 9.629191583189897537e+08
2.093999999999999772e-06 9.750431928652777672e+08
2.105999999999999826e-06 9.917947846929363012e+08
2.118999999999999956e-06 1.011552813323089838e+09
2.130999999999999587e-06 1.023178023988893151e+09
2.144000000000000140e-06 1.039114367223347068e+09
2.156000000000000195e-06 1.055509183061057806e+09
2.168999999999999901e-06 1.070828121308613658e+09
2.180999999999999955e-06 1.080933810536845922e+09
2.193999999999999661e-06 1.098785599881640196e+09
2.205999999999999716e-06 1.110697118385810375e+09
2.218999999999999846e-06 1.126271331277018309e+09
2.230999999999999900e-06 1.138769470777068377e+09
2.242999999999999955e-06 1.153612679299289227e+09
2.255999999999999661e-06 1.165278843606080770e+09
2.267999999999999715e-06 1.180461146400638103e+09
2.280999999999999845e-06 1.193290154500327349e+09
2.292999999999999899e-06 1.206470211214546442e+09
2.306000000000000029e-06 1.218997697445702553e+09
2.318000000000000084e-06 1.231000597542185545e+09
2.330999999999999790e-06 1.244482566752495766e+09
2.342999999999999844e-06 1.258154052651514530e+09
2.355999999999999974e-06 1.269825414307070971e+09
2.367999999999999605e-06 1.280383308378081083e+09
2.379999999999999659e-06 1.292683799953801870e+09
2.392999999999999789e-06 1.304427718577438116e+09
2.404999999999999844e-06 1.313825555392719984e+09
2.417999999999999973e-06 1.325227891521209002e+09
2.430000000000000028e-06 1.336076522023020267e+09
2.443000000000000157e-06 1.346438703507998705e+09
2.454999999999999788e-06 1.355779079219951868e+09
2.467999999999999918e-06 1.366922704086668968e+09
2.479999999999999972e-06 1.373380362475163221e+09
2.492999999999999679e-06 1.378538404327461720e+09
2.504999999999999733e-06 1.382091404638033628e+09
2.516999999999999788e-06 1.377282220607598782e+09
2.529999999999999494e-06 1.367394720637449026e+09
2.541999999999999548e-06 1.352295422980516434e+09
2.555000000000000101e-06 1.335147232963761568e+09
2.567000000000000156e-06 1.311953565375145912e+09
2.579999999999999862e-06 1.283933304340748549e+09
2.591999999999999917e-06 1.265870943666585922e+09
2.605000000000000046e-06 1.263995164322215796e+09
2.616999999999999677e-06 1.292529177751982212e+09
2.629999999999999807e-06 1.333360060572810888e+09
2.641999999999999861e-06 1.355812030067054510e+09
2.654999999999999568e-06 1.337387461973792553e+09
2.666999999999999622e-06 1.300248334094893932e+09
2.678999999999999677e-06 1.301382513371285915e+09
2.692000000000000230e-06 1.345147625314286947e+09
2.703999999999999861e-06 1.377985508509970665e+09
2.716999999999999990e-06 1.391973279871652842e+09
2.729000000000000045e-06 1.399496627877571821e+09
2.741999999999999751e-06 1.402045506204223394e+09
2.753999999999999805e-06 1.401380321598113298e+09
2.766999999999999935e-06 1.404715477027897358e+09
2.778999999999999990e-06 1.419671788176942825e+09
2.791999999999999696e-06 1.444098200605282307e+09
2.803999999999999750e-06 1.466398975932496786e+09
2.815999999999999805e-06 1.486307578272721767e+09
2.828999999999999934e-06 1.505197526353666782e+09
2.840999999999999989e-06 1.521605261289551735e+09
2.854000000000000119e-06 1.538109917453063011e+09
2.866000000000000173e-06 1.553443162758570194e+09
2.878999999999999879e-06 1.567038797199119568e+09
2.890999999999999934e-06 1.576489742656112194e+09
2.903999999999999640e-06 1.584255065787951469e+09
2.915999999999999694e-06 1.589758137965140820e+09
2.928999999999999824e-06 1.595247856038697481e+09
2.940999999999999879e-06 1.599311670124407291e+09
2.952999999999999510e-06 1.602906534822360277e+09
2.966000000000000063e-06 1.607161576010852098e+09
2.978000000000000117e-06 1.610664073872967005e+09
2.990999999999999823e-06 1.614198337151925087e+09
3.002999999999999878e-06 1.617081915051412582e+09
3.016000000000000008e-06 1.619226024966826200e+09
3.028000000000000062e-06 1.620251499165282965e+09
3.040999999999999768e-06 1.621583179844969988e+09
3.052999999999999823e-06 1.623647730916260242e+09
3.065999999999999529e-06 1.624911579872127295e+09
3.077999999999999583e-06 1.626424073759211063e+09
3.089999999999999638e-06 1.628267143539118290e+09
3.103000000000000191e-06 1.629805802807579756e+09
3.115000000000000245e-06 1.631282808928150892e+09
3.127999999999999952e-06 1.634509439019523144e+09
3.140000000000000006e-06 1.636728108037708044e+09
3.152999999999999712e-06 1.639079642509926796e+09
3.164999999999999767e-06 1.640819383860369444e+09
3.177999999999999896e-06 1.639970631341968060e+09
3.189999999999999951e-06 1.637383890949070692e+09
3.202999999999999657e-06 1.636026659880819798e+09
3.214999999999999712e-06 1.636342817487269402e+09
3.226999999999999766e-06 1.638468136168023825e+09
3.239999999999999896e-06 1.643503269959030867e+09
3.251999999999999527e-06 1.647273558630977631e+09
3.265000000000000080e-06 1.649282053565649271e+09
3.277000000000000134e-06 1.649101657246855736e+09
3.289999999999999841e-06 1.646943086912352562e+09
3.301999999999999895e-06 1.643144928420226097e+09
3.314999999999999601e-06 1.639451612369944811e+09
3.326999999999999656e-06 1.637578364371798754e+09
3.339999999999999785e-06 1.636790677349262714e+09
3.351999999999999840e-06 1.636706949682858944e+09
3.363999999999999894e-06 1.636380221855269432e+09
3.376999999999999600e-06 1.635529580271214247e+09
3.388999999999999655e-06 1.633997423914726019e+09
3.401999999999999785e-06 1.632387042391795158e+09
3.413999999999999839e-06 1.630266018927125216e+09
3.426999999999999969e-06 1.627712751920612812e+09
3.439000000000000023e-06 1.625637327394807577e+09
3.451999999999999729e-06 1.623178478844339609e+09
3.463999999999999784e-06 1.620825859221645594e+09
3.476999999999999914e-06 1.617836785288555622e+09
3.488999999999999545e-06 1.615412750171635628e+09
3.501999999999999674e-06 1.612460444055663586e+09
3.513999999999999729e-06 1.610310709123137474e+09
3.525999999999999783e-06 1.607389512558233500e+09
3.538999999999999913e-06 1.605046900969564915e+09
3.550999999999999967e-06 1.601883518989142179e+09
3.564000000000000097e-06 1.598892228441495657e+09
3.575999999999999728e-06 1.596063460057335854e+09
3.588999999999999858e-06 1.593230103722093821e+09
3.600999999999999912e-06 1.590161901888964653e+09
3.613999999999999618e-06 1.587076766789165020e+09
3.625999999999999673e-06 1.583782910630872726e+09
3.638999999999999803e-06 1.580460220602018833e+09
3.650999999999999434e-06 1.577201916655397415e+09
3.662999999999999488e-06 1.574255633507142782e+09
3.676000000000000041e-06 1.570408424618995190e+09
3.688000000000000096e-06 1.567006380506415367e+09
3.700999999999999802e-06 1.563192245962372303e+09
3.712999999999999856e-06 1.559700298994802475e+09
3.725999999999999986e-06 1.555561451383516788e+09
3.737999999999999617e-06 1.551986487796844721e+09
3.750999999999999747e-06 1.548096302548264503e+09
3.762999999999999801e-06 1.544660801097845793e+09
3.775999999999999507e-06 1.540459304512278080e+09
3.787999999999999562e-06 1.537041059474313259e+09
3.799999999999999616e-06 1.533579298142201185e+09
3.813000000000000169e-06 1.529568855336057901e+09
3.824999999999999800e-06 1.525616518325927496e+09
3.837999999999999507e-06 1.521636408497344255e+09
3.849999999999999561e-06 1.517711798935881138e+09
3.863000000000000114e-06 1.513448304601104975e+09
3.875000000000000169e-06 1.509658824145034790e+09
3.887999999999999875e-06 1.505032698108842850e+09
3.899999999999999929e-06 1.501178177230647087e+09
3.912999999999999636e-06 1.496778308411893368e+09
3.924999999999999690e-06 1.492476521891801596e+09
3.936999999999999745e-06 1.488341886995634556e+09
3.950000000000000298e-06 1.483667367473760366e+09
3.962000000000000352e-06 1.479481950365706444e+09
3.975000000000000058e-06 1.474757480529932261e+09
3.987000000000000113e-06 1.470343696005602360e+09
3.999999999999999819e-06 1.465574704491178274e+09
4.011999999999999026e-06 1.461205913084897041e+09
4.025000000000000427e-06 1.456394684993587494e+09
4.036999999999999634e-06 1.451987706639583826e+09
4.049999999999999340e-06 1.446966529320311308e+09
4.062000000000000242e-06 1.442775007720314980e+09
4.073999999999999449e-06 1.438148593131513357e+09
4.086999999999999155e-06 1.433316517143605947e+09
4.099000000000000057e-06 1.428835498846136570e+09
4.111999999999999763e-06 1.423865323549804926e+09
4.123999999999999818e-06 1.419162029338003397e+09
4.136999999999999524e-06 1.413809358388099909e+09
4.148999999999999578e-06 1.409132320063481092e+09
4.162000000000000131e-06 1.403515980448752880e+09
4.174000000000000186e-06 1.398129728645250559e+09
4.186999999999999892e-06 1.392310296757334471e+09
4.198999999999999947e-06 1.386514140043624401e+09
4.211999999999999653e-06 1.380134228564951658e+09
4.223999999999999707e-06 1.373739690037849903e+09
4.235999999999999762e-06 1.366948810754570007e+09
4.248999999999999468e-06 1.359697222349148273e+09
4.260999999999999522e-06 1.353461527691798687e+09
4.274000000000000076e-06 1.346842905429703236e+09
4.285999999999999283e-06 1.341908301784657955e+09
4.298999999999999836e-06 1.337574843716923237e+09
4.310999999999999891e-06 1.333419021788551092e+09
4.323999999999999597e-06 1.329864001219643354e+09
4.336000000000000498e-06 1.326806664508801699e+09
4.349000000000000204e-06 1.323238145301337242e+09
4.360999999999999412e-06 1.320216565640022278e+09
4.373000000000000314e-06 1.317265139000191689e+09
4.386000000000000020e-06 1.313380439911051273e+09
4.397999999999999227e-06 1.309854983935661077e+09
4.410999999999999780e-06 1.305920045657742739e+09
4.422999999999999835e-06 1.301773842778525829e+09
4.435999999999999541e-06 1.297381388673648357e+09
4.448000000000000442e-06 1.292941195436986923e+09
4.461000000000000149e-06 1.288042431057748079e+09
4.472999999999999356e-06 1.283354829046547651e+09
4.485999999999999909e-06 1.278308440226867914e+09
4.497999999999999964e-06 1.273595961345882177e+09
4.509999999999999171e-06 1.268894120621668816e+09
4.522999999999999724e-06 1.263828925664087296e+09
4.534999999999999779e-06 1.258977996397648335e+09
4.547999999999999485e-06 1.253985555320620775e+09
4.559999999999999540e-06 1.249430114804229975e+09
4.573000000000000093e-06 1.244444421827620268e+09
4.585000000000000147e-06 1.239895168806517363e+09
4.597999999999999853e-06 1.234917518654486895e+09
4.609999999999999908e-06 1.230267808549401522e+09
4.622999999999999614e-06 1.225245371595762253e+09
4.634999999999999668e-06 1.220710194979729176e+09
4.646999999999999723e-06 1.216022045879044056e+09
4.660000000000000276e-06 1.210963744493432522e+09
4.671999999999999484e-06 1.206390887078692913e+09
4.684999999999999190e-06 1.201295665585343122e+09
4.697000000000000091e-06 1.196632745990127563e+09
4.709999999999999797e-06 1.191553574426164389e+09
4.721999999999999852e-06 1.186857328202910900e+09
4.735000000000000405e-06 1.181941920367645979e+09
4.746999999999999613e-06 1.177116625043561459e+09
4.759999999999999319e-06 1.172073637634510040e+09
4.772000000000000220e-06 1.167412590800092697e+09
4.783999999999999428e-06 1.162619518139696598e+09
4.796999999999999134e-06 1.157607244154336214e+09
4.809000000000000035e-06 1.152975829669072390e+09
4.821999999999999742e-06 1.148029548326658964e+09
4.833999999999999796e-06 1.143462550821152210e+09
4.847000000000000349e-06 1.138671477177459478e+09
4.858999999999999557e-06 1.134390245926406622e+09
4.871999999999999263e-06 1.129703415816684484e+09
4.884000000000000164e-06 1.125304180422755718e+09
4.896999999999999871e-06 1.120504182115567684e+09
4.908999999999999925e-06 1.116081408599244833e+09
4.920999999999999980e-06 1.111669517140802860e+09
4.933999999999999686e-06 1.106777773018412590e+09
4.945999999999999740e-06 1.102261382269206762e+09
4.958999999999999446e-06 1.097521419815090895e+09
4.970999999999999501e-06 1.093029207954847813e+09
4.984000000000000054e-06 1.088270963567549467e+09
4.996000000000000108e-06 1.083842081751421452e+09
5.008999999999999815e-06 1.079268858308341026e+09
5.020999999999999869e-06 1.074982267229059935e+09
5.033999999999999575e-06 1.070428688375137210e+09
5.045999999999999630e-06 1.066241491673668861e+09
5.059000000000000183e-06 1.061748234035441875e+09
5.070999999999999390e-06 1.057348644305441976e+09
5.083000000000000292e-06 1.053041286112463474e+09
5.095999999999999998e-06 1.048125272931771636e+09
5.107999999999999206e-06 1.043580719868361831e+09
5.121000000000000606e-06 1.038398206449652076e+09
5.132999999999999813e-06 1.033624910683073640e+09
5.145999999999999519e-06 1.028369045642493129e+09
5.158000000000000421e-06 1.023443938617548943e+09
5.171000000000000127e-06 1.018267248121478677e+09
5.182999999999999335e-06 1.013491694588875175e+09
5.195999999999999888e-06 1.008537401378104806e+09
5.207999999999999942e-06 1.004090457634632230e+09
5.219999999999999150e-06 9.996226605120397806e+08
5.232999999999999703e-06 9.950481839493741989e+08
5.244999999999999757e-06 9.908994761076042652e+08
5.257999999999999463e-06 9.864617545184319019e+08
5.269999999999999518e-06 9.822344854703373909e+08
5.283000000000000071e-06 9.774752722486120462e+08
5.294999999999999279e-06 9.730695375387958288e+08
5.307999999999999832e-06 9.681729368050286770e+08
5.319999999999999886e-06 9.634195225214403868e+08
5.332999999999999592e-06 9.581108268339273930e+08
5.344999999999999647e-06 9.529097193480378389e+08
5.356999999999999701e-06 9.476234668576015234e+08
5.370000000000000255e-06 9.420280164879142046e+08
5.381999999999999462e-06 9.367066355493468046e+08
5.394999999999999168e-06 9.309094067024090290e+08
5.407000000000000070e-06 9.257309775005705357e+08
5.419999999999999776e-06 9.201190333919109106e+08
5.431999999999999830e-06 9.150862549391714334e+08
5.445000000000000384e-06 9.096194095054837465e+08
5.456999999999999591e-06 9.044231259420244694e+08
5.469999999999999297e-06 8.991042722912805080e+08
5.482000000000000199e-06 8.937782820037957430e+08
5.493999999999999406e-06 8.884861632669856548e+08
5.506999999999999112e-06 8.824515991038219929e+08
5.519000000000000014e-06 8.766258983023430109e+08
5.531999999999999720e-06 8.702841730568735600e+08
5.543999999999998928e-06 8.640591148024805784e+08
5.557000000000000328e-06 8.571974858548702002e+08
5.568999999999999535e-06 8.504987762288151979e+08
5.581999999999999241e-06 8.433342991073815823e+08
5.594000000000000143e-06 8.363636912156363726e+08
5.606999999999999849e-06 8.290088254838449955e+08
5.618999999999999903e-06 8.217230535739872456e+08
5.630999999999999958e-06 8.144366888742682934e+08
5.643999999999999664e-06 8.070501475574172735e+08
5.655999999999999719e-06 7.998065096955202818e+08
5.668999999999999425e-06 7.922841393857812881e+08
5.680999999999999479e-06 7.851420227657463551e+08
5.694000000000000032e-06 7.779150538292196989e+08
5.706000000000000087e-06 7.710789650522676706e+08
5.718999999999999793e-06 7.640515586505923271e+08
5.730999999999999848e-06 7.572923327280018330e+08
5.743999999999999554e-06 7.500688584730000496e+08
5.755999999999999608e-06 7.430436223919987679e+08
5.767999999999999663e-06 7.359730012707064152e+08
5.780999999999999369e-06 7.284635807336933613e+08
5.793000000000000270e-06 7.209820942846393585e+08
5.805999999999999977e-06 7.129348880499955416e+08
5.817999999999999184e-06 7.048735660651204586e+08
5.830999999999999737e-06 6.968570522091729641e+08
5.842999999999999792e-06 6.897041522222801447e+08
5.855999999999999498e-06 6.824673828775438070e+08
5.868000000000000399e-06 6.758708277646594048e+08
5.881000000000000106e-06 6.698453495294792652e+08
5.892999999999999313e-06 6.651720385048913956e+08
5.905999999999999019e-06 6.616822307061288357e+08
5.917999999999999921e-06 6.593951429158973694e+08
5.929999999999999128e-06 6.580892432443025112e+08
5.942999999999999681e-06 6.572332720087387562e+08
5.954999999999999736e-06 6.572221518572556973e+08
5.967999999999999442e-06 6.579441331587206125e+08
5.980000000000000343e-06 6.594002260242246389e+08
5.993000000000000050e-06 6.607662419990403652e+08
6.004999999999999257e-06 6.622043093621462584e+08
6.017999999999999810e-06 6.633644554437867403e+08
6.029999999999999865e-06 6.646926143440253735e+08
6.042999999999999571e-06 6.658995029812108278e+08
6.054999999999999625e-06 6.672744340892611742e+08
6.066999999999999680e-06 6.686787516493629217e+08
6.079999999999999386e-06 6.696532365704660416e+08
6.091999999999999441e-06 6.707588254855607748e+08
6.104999999999999994e-06 6.716913932808803320e+08
6.117000000000000048e-06 6.729592738083022833e+08
6.129999999999999754e-06 6.740656216021255255e+08
6.141999999999999809e-06 6.755540081073093414e+08
6.155000000000000362e-06 6.765987415976603031e+08
6.166999999999999570e-06 6.774966698166660070e+08
6.179999999999999276e-06 6.777755591155892611e+08
6.192000000000000177e-06 6.783186850539211035e+08
6.203999999999999385e-06 6.785944770134327412e+08
6.216999999999999091e-06 6.781900016803251505e+08
6.228999999999999992e-06 6.772826961135489941e+08
6.241999999999999698e-06 6.754313098807517290e+08
6.253999999999998906e-06 6.733098639691230059e+08
6.267000000000000306e-06 6.704534250539675951e+08
6.278999999999999514e-06 6.673689185905090570e+08
6.291999999999999220e-06 6.632868614573580027e+08
6.304000000000000121e-06 6.587843561093224287e+08
6.316999999999999827e-06 6.531754763019195795e+08
6.328999999999999035e-06 6.471915505075203180e+08
6.340999999999999936e-06 6.406620101666238308e+08
6.353999999999999643e-06 6.336452523272337914e+08
6.365999999999999697e-06 6.264315969469829798e+08
6.378999999999999403e-06 6.181809889586141109e+08
6.390999999999999458e-06 6.097114541023249626e+08
6.404000000000000011e-06 6.007676756204216480e+08
6.416000000000000065e-06 5.922323087459948063e+08
6.428999999999999772e-06 5.837178994423787594e+08
6.440999999999999826e-06 5.753268651469149590e+08
6.453999999999999532e-06 5.669419065930728912e+08
6.465999999999999587e-06 5.591756005497263670e+08
6.477999999999999641e-06 5.520373935356459618e+08
6.490999999999999347e-06 5.456329537891529799e+08
6.502999999999999402e-06 5.400902781562649012e+08
6.515999999999999955e-06 5.351858354179886580e+08
6.527999999999999162e-06 5.313016944475365877e+08
6.540999999999999716e-06 5.280280500103055835e+08
6.552999999999999770e-06 5.256926280433461666e+08
6.565999999999999476e-06 5.241426353971349001e+08
6.578000000000000378e-06 5.235482053588634133e+08
6.591000000000000084e-06 5.232940658649580479e+08
6.602999999999999291e-06 5.236234413254110217e+08
6.615000000000000193e-06 5.241350055615704656e+08
6.627999999999999899e-06 5.248156140211192369e+08
6.639999999999999107e-06 5.260495203775461912e+08
6.652999999999999660e-06 5.272477115014491081e+08
6.664999999999999714e-06 5.286195709198597670e+08
6.677999999999999420e-06 5.295463813050475717e+08
6.690000000000000322e-06 5.304679228885762095e+08
6.703000000000000028e-06 5.311810484633357525e+08
6.714999999999999236e-06 5.319429872862210274e+08
6.727999999999999789e-06 5.324595459423652291e+08
6.739999999999999843e-06 5.329355802815265656e+08
6.752999999999999549e-06 5.330185846700786948e+08
6.764999999999999604e-06 5.329717764793272614e+08
6.776999999999999658e-06 5.328372432702880502e+08
6.789999999999999365e-06 5.324215695814626813e+08
6.801999999999999419e-06 5.320306002185741067e+08
6.814999999999999972e-06 5.313466326297305226e+08
6.827000000000000027e-06 5.307130126448261738e+08
6.839999999999999733e-06 5.298386228794034123e+08
6.851999999999999787e-06 5.290420116433023810e+08
6.864999999999999493e-06 5.279785800210568309e+08
6.876999999999999548e-06 5.270099339274828434e+08
6.889999999999999254e-06 5.258622306618332267e+08
6.902000000000000156e-06 5.247643803909955621e+08
6.913999999999999363e-06 5.236067163180519342e+08
6.926999999999999069e-06 5.222433587199386358e+08
6.938999999999999971e-06 5.209893412456537485e+08
6.951999999999999677e-06 5.194626802229901552e+08
6.963999999999999731e-06 5.180998503246081471e+08
6.977000000000000285e-06 5.165199537783676982e+08
6.988999999999999492e-06 5.150222756675661206e+08
7.001999999999999198e-06 5.133327156928983927e+08
7.014000000000000100e-06 5.117158382251058817e+08
7.026999999999999806e-06 5.099799981976600289e+08
7.038999999999999013e-06 5.084357742587491870e+08
7.050999999999999915e-06 5.068552092373700142e+08
7.063999999999999621e-06 5.051396481349273324e+08
7.075999999999999676e-06 5.035327181819127798e+08
7.089000000000000229e-06 5.017651518695732355e+08
7.100999999999999436e-06 5.002516801648043394e+08
7.113999999999999142e-06 4.985195192819308043e+08
7.126000000000000044e-06 4.969345183299080729e+08
7.138999999999999750e-06 4.952551079119459987e+08
7.150999999999999805e-06 4.938387742736071348e+08
7.163999999999999511e-06 4.921900260169783235e+08
7.175999999999999565e-06 4.906985003010296822e+08
7.187999999999999620e-06 4.891636829087104797e+08
7.200999999999999326e-06 4.874019919003865719e+08
7.212999999999999380e-06 4.857415234578129053e+08
7.225999999999999933e-06 4.838885183010846972e+08
7.237999999999999988e-06 4.821661385486611128e+08
7.250999999999999694e-06 4.802529674059361219e+08
7.262999999999999749e-06 4.784426903763998151e+08
7.275999999999999455e-06 4.763764957614601851e+08
7.287999999999999509e-06 4.744292164011296630e+08
7.301000000000000062e-06 4.721133946318576336e+08
7.312999999999999270e-06 4.699350283995243907e+08
7.325000000000000171e-06 4.676913735822522640e+08
7.337999999999999878e-06 4.653015767427780032e+08
7.349999999999999085e-06 4.630869510069363713e+08
7.363000000000000485e-06 4.608024980543509722e+08
7.374999999999999693e-06 4.587142749916505814e+08
7.387999999999999399e-06 4.564301298246300817e+08
7.400000000000000300e-06 4.542916591157318950e+08
7.413000000000000007e-06 4.520826233968603015e+08
7.424999999999999214e-06 4.501262537969675660e+08
7.437999999999999767e-06 4.482175016812689304e+08
7.449999999999999822e-06 4.467077638021588922e+08
7.462999999999999528e-06 4.452007969904816747e+08
7.474999999999999582e-06 4.440231153914065957e+08
7.486999999999999637e-06 4.429941058187311292e+08
7.499999999999999343e-06 4.419467584759285450e+08
7.511999999999999397e-06 4.411598737058229446e+08
7.524999999999999951e-06 4.403961382568971515e+08
7.536999999999999158e-06 4.398643602918952703e+08
7.549999999999999711e-06 4.393840292134377956e+08
7.561999999999999766e-06 4.392859699559398293e+08
7.574999999999999472e-06 4.391648749546004534e+08
7.586999999999999526e-06 4.392314570454015732e+08
7.599999999999999233e-06 4.391958619658362269e+08
7.612000000000000134e-06 4.392935902005671859e+08
7.623999999999999342e-06 4.392568148296822309e+08
7.636999999999999895e-06 4.390566289365277290e+08
7.648999999999999102e-06 4.390357984246723652e+08
7.661999999999998808e-06 4.388628322528617382e+08
7.673999999999999710e-06 4.388281795542744398e+08
7.686999999999999416e-06 4.385494058255311847e+08
7.699000000000000318e-06 4.382873869122815132e+08
7.712000000000000024e-06 4.377465192029386163e+08
7.723999999999999231e-06 4.371881476971215010e+08
7.736999999999998937e-06 4.363271998269408345e+08
7.748999999999999839e-06 4.355154023181554079e+08
7.760999999999999046e-06 4.346238768509126306e+08
7.774000000000000447e-06 4.334770022614203691e+08
7.785999999999999654e-06 4.324011887587410808e+08
7.798999999999999360e-06 4.311338041764581800e+08
7.811000000000000262e-06 4.299770222238332033e+08
7.823999999999999968e-06 4.285724836983909607e+08
7.835999999999999175e-06 4.272125469827033281e+08
7.849000000000000575e-06 4.256092072838732004e+08
7.860999999999999783e-06 4.241393815060551763e+08
7.873999999999999489e-06 4.225326399662658572e+08
7.886000000000000391e-06 4.210954909555632472e+08
7.897999999999999598e-06 4.197497964243994355e+08
7.910999999999999304e-06 4.183249088559958935e+08
7.923000000000000206e-06 4.170822977220448256e+08
7.935999999999999912e-06 4.157159677518318892e+08
7.948000000000000813e-06 4.145300778316083550e+08
7.961000000000000520e-06 4.132490709430347681e+08
7.972999999999999727e-06 4.121464920957430005e+08
7.985999999999999433e-06 4.109766476128684878e+08
7.998000000000000335e-06 4.099554435808239579e+08
8.010999999999998347e-06 4.089294429156757593e+08
8.022999999999999248e-06 4.081245549433541894e+08
8.035000000000000150e-06 4.073947767886981964e+08
8.047999999999999856e-06 4.065834258999399543e+08
8.060000000000000758e-06 4.059353351654970646e+08
8.073000000000000464e-06 4.051369247419160604e+08
8.084999999999999671e-06 4.044205177520163059e+08
8.098000000000001071e-06 4.035021116918911934e+08
8.109999999999998585e-06 4.026792097410460114e+08
8.122999999999998291e-06 4.017503641578210592e+08
8.134999999999999192e-06 4.009698367481127977e+08
8.147999999999998899e-06 4.000311521243318319e+08
8.159999999999999800e-06 3.991617235274358392e+08
8.172000000000000702e-06 3.982355723248667121e+08
8.185000000000000408e-06 3.970693561102833748e+08
8.196999999999999615e-06 3.959028015804749131e+08
8.210000000000001015e-06 3.944481327417477965e+08
8.221999999999998529e-06 3.930336568240358233e+08
8.234999999999998235e-06 3.913672979708716869e+08
8.246999999999999137e-06 3.897741656129921675e+08
8.259999999999998843e-06 3.879579475709177256e+08
8.271999999999999744e-06 3.861896115459458232e+08
8.284999999999999450e-06 3.841948373515533209e+08
8.297000000000000352e-06 3.822610087402213216e+08
8.310000000000000058e-06 3.801290230945984125e+08
8.321999999999999266e-06 3.780075216642072797e+08
8.333999999999998473e-06 3.757833186594548821e+08
8.346999999999999873e-06 3.732971542168697119e+08
8.358999999999999081e-06 3.708652934077002406e+08
8.371999999999998787e-06 3.682927732918549776e+08
8.383999999999999688e-06 3.658295439943894744e+08
8.396999999999999394e-06 3.632769957572399378e+08
8.409000000000000296e-06 3.608810963370532990e+08
8.422000000000000002e-06 3.583858415941646695e+08
8.433999999999999210e-06 3.560383781011057496e+08
8.446999999999998916e-06 3.535307423787472844e+08
8.458999999999999817e-06 3.511337035516899228e+08
8.470999999999999025e-06 3.487413881712838411e+08
8.484000000000000425e-06 3.462956822143213153e+08
8.495999999999999632e-06 3.440407874338514805e+08
8.508999999999999339e-06 3.417400079761078954e+08
8.521000000000000240e-06 3.396992896126785874e+08
8.533999999999999946e-06 3.376538951778512597e+08
8.545999999999999154e-06 3.358479212112918496e+08
8.558999999999998860e-06 3.339892590633169413e+08
8.570999999999999761e-06 3.323363401632410884e+08
8.583999999999999468e-06 3.306378910168352723e+08
8.596000000000000369e-06 3.291426331770113707e+08
8.607999999999999577e-06 3.276778392449275851e+08
8.620999999999999283e-06 3.261845292400071025e+08
8.632999999999998490e-06 3.248440309080451727e+08
8.645999999999999890e-06 3.234516671764498949e+08
8.657999999999999098e-06 3.222639970538716912e+08
8.670999999999998804e-06 3.210642391429081559e+08
8.682999999999999706e-06 3.200271718057531714e+08
8.695999999999999412e-06 3.189545526375499964e+08
8.708000000000000313e-06 3.179898451586406231e+08
8.721000000000000019e-06 3.169667067516868711e+08
8.733000000000000921e-06 3.160044076382777095e+08
8.744999999999998434e-06 3.150398654483307600e+08
8.757999999999998140e-06 3.139164818590177894e+08
8.769999999999999042e-06 3.128631613456729650e+08
8.782999999999998748e-06 3.116687542257499099e+08
8.794999999999999650e-06 3.106028139239917397e+08
8.807999999999999356e-06 3.093969043445908427e+08
8.820000000000000257e-06 3.082893021532149315e+08
8.832999999999999963e-06 3.071043866334769130e+08
8.845000000000000865e-06 3.059846806744123101e+08
8.858000000000000571e-06 3.047885217473011017e+08
8.869999999999998085e-06 3.036954165837013721e+08
8.881999999999998986e-06 3.026008495701240897e+08
8.894999999999998692e-06 3.013636826126011610e+08
8.906999999999999594e-06 3.001677295050401688e+08
8.919999999999999300e-06 2.988912347821743488e+08
8.932000000000000201e-06 2.976935635747976303e+08
8.944999999999999908e-06 2.964067705907009840e+08
8.957000000000000809e-06 2.952646069874392152e+08
8.970000000000000515e-06 2.941005063073170781e+08
8.981999999999999723e-06 2.930859004936050773e+08
8.994999999999999429e-06 2.920872717024466395e+08
9.006999999999998636e-06 2.912806327206651568e+08
9.018999999999999538e-06 2.905659909485411644e+08
9.031999999999999244e-06 2.898008067178261876e+08
9.044000000000000146e-06 2.891814089193350673e+08
9.056999999999999852e-06 2.885553808189619184e+08
9.069000000000000753e-06 2.880520243085337877e+08
9.082000000000000459e-06 2.875261496906147003e+08
9.093999999999999667e-06 2.871654334484690428e+08
9.106999999999999373e-06 2.867660216872708797e+08
9.118999999999998580e-06 2.865304140739117861e+08
9.131999999999999981e-06 2.862613610770746469e+08
9.143999999999999188e-06 2.861920508608407974e+08
9.156999999999998894e-06 2.861471496633152962e+08
9.168999999999999796e-06 2.862573332818519473e+08
9.180999999999999003e-06 2.864376630182835460e+08
9.194000000000000403e-06 2.865760928559060097e+08
9.205999999999999611e-06 2.868093868680437207e+08
9.218999999999999317e-06 2.869573048899535537e+08
9.231000000000000219e-06 2.871835303811041117e+08
9.243999999999999925e-06 2.872814188491560817e+08
9.255999999999999132e-06 2.874098218907040358e+08
9.269000000000000532e-06 2.873990459213566780e+08
9.280999999999999740e-06 2.874982139265046716e+08
9.293999999999999446e-06 2.875322904277849197e+08
9.305999999999998654e-06 2.876223955556416512e+08
9.317999999999999555e-06 2.877157043801153302e+08
9.330999999999999261e-06 2.877015397859207392e+08
9.343000000000000163e-06 2.877014203765000105e+08
9.355999999999999869e-06 2.876103954306592345e+08
9.367999999999999076e-06 2.875130779531897902e+08
9.381000000000000477e-06 2.872680472600471973e+08
9.392999999999999684e-06 2.869970509189316630e+08
9.405999999999999390e-06 2.865797592023252845e+08
9.417999999999998598e-06 2.861945759764121175e+08
9.430999999999998304e-06 2.856481984427797794e+08
9.442999999999999205e-06 2.851547287884193659e+08
9.455000000000000107e-06 2.846056323494835496e+08
9.467999999999999813e-06 2.839136677412612438e+08
9.480000000000000715e-06 2.832950810231330395e+08
9.493000000000000421e-06 2.825349598265899420e+08
9.504999999999999628e-06 2.818123411621088982e+08
9.518000000000001028e-06 2.809855701952880025e+08
9.529999999999998542e-06 2.802480002527885437e+08
9.542999999999998248e-06 2.793754531533545256e+08
9.554999999999999149e-06 2.785369575746890306e+08
9.567999999999998856e-06 2.775458297478014827e+08
9.579999999999999757e-06 2.766244944785389900e+08
9.592000000000000659e-06 2.756912078643675447e+08
9.605000000000000365e-06 2.746235483130813837e+08
9.617000000000001266e-06 2.736291326054416895e+08
9.630000000000000972e-06 2.725555931510792971e+08
9.641999999999998486e-06 2.715547576933267117e+08
9.654999999999998192e-06 2.704567830977571607e+08
9.666999999999999094e-06 2.694651439085895419e+08
9.679999999999998800e-06 2.683994730171910822e+08
9.691999999999999701e-06 2.674017460425177515e+08
9.704999999999999407e-06 2.663307950419233739e+08
9.717000000000000309e-06 2.653123316255216300e+08
9.728999999999999516e-06 2.642836287325122058e+08
9.742000000000000917e-06 2.631796661292703450e+08
9.753999999999998430e-06 2.621608259781087041e+08
9.766999999999999830e-06 2.610493233049790263e+08
9.778999999999999038e-06 2.600403191067527533e+08
9.791999999999998744e-06 2.589395241744452715e+08
9.803999999999999645e-06 2.579189719319871962e+08
9.816999999999999351e-06 2.568432521995898485e+08
9.829000000000000253e-06 2.558468518234764040e+08
9.841999999999999959e-06 2.547814232743962407e+08
9.853999999999999167e-06 2.537803560612333417e+08
9.865999999999998374e-06 2.527839708237530887e+08
9.878999999999999774e-06 2.517477799673999548e+08
9.890999999999998982e-06 2.507608958759825528e+08
9.903999999999998688e-06 2.497001099557152987e+08
9.915999999999999589e-06 2.487194640774520338e+08
9.928999999999999296e-06 2.476794198931371570e+08
9.941000000000000197e-06 2.467016148309296072e+08
9.953999999999999903e-06 2.456682881198634803e+08
9.965999999999999111e-06 2.447069308954555690e+08
9.978999999999998817e-06 2.436601539790571332e+08
9.990999999999999718e-06 2.427150157663779855e+08
1.000399999999999942e-05 2.416684932547532916e+08
1.001600000000000033e-05 2.407093122102066875e+08
1.002799999999999953e-05 2.397379944529553354e+08
1.004099999999999924e-05 2.387131572120242715e+08
1.005300000000000014e-05 2.377611055353281200e+08
1.006599999999999985e-05 2.367428248393583000e+08
1.007799999999999905e-05 2.357998181352900267e+08
1.009099999999999876e-05 2.348074627055089474e+08
1.010299999999999966e-05 2.339057103776654303e+08
1.011599999999999937e-05 2.329387493966902494e+08
1.012800000000000027e-05 2.320614443660824299e+08
