5.880000000000000242e-07 1.707208744896080017e+10
5.880040040040040739e-07 1.709278858049945068e+10
5.880080080080080177e-07 1.707152535478963470e+10
5.880120120120120673e-07 1.706344302425804138e+10
5.880160160160160111e-07 1.706660174097167206e+10
5.880200200200200608e-07 1.707486068482040405e+10
5.880240240240240046e-07 1.707031582527452087e+10
5.880280280280281601e-07 1.706048090766310501e+10
5.880320320320321039e-07 1.705232638561613083e+10
5.880360360360361536e-07 1.705764231180201340e+10
5.880400400400400974e-07 1.707434486158417130e+10
5.880440440440441470e-07 1.707962447409579086e+10
5.880480480480480908e-07 1.706891081080791855e+10
5.880520520520521405e-07 1.708105523444871902e+10
5.880560560560560843e-07 1.705799047557060623e+10
5.880600600600601339e-07 1.707298313027702713e+10
5.880640640640640777e-07 1.706734293322538376e+10
5.880680680680681274e-07 1.706772634620899963e+10
5.880720720720720712e-07 1.706676433875030899e+10
5.880760760760761208e-07 1.705667303056750488e+10
5.880800800800800646e-07 1.707920194135069275e+10
5.880840840840841143e-07 1.705978640999971008e+10
5.880880880880880581e-07 1.705334488586814880e+10
5.880920920920921078e-07 1.707575709788023376e+10
5.880960960960960515e-07 1.704904289310688782e+10
5.881001001001002071e-07 1.706633628664735794e+10
5.881041041041041509e-07 1.706851509119120026e+10
5.881081081081082005e-07 1.706630096837746048e+10
5.881121121121121443e-07 1.706398204156862259e+10
5.881161161161161940e-07 1.708081611370825577e+10
5.881201201201201378e-07 1.705404725035334396e+10
5.881241241241241874e-07 1.705160654558929062e+10
5.881281281281281312e-07 1.705947333904057693e+10
5.881321321321321809e-07 1.705080489495779800e+10
5.881361361361361247e-07 1.705559676625170517e+10
5.881401401401401744e-07 1.704482014767330551e+10
5.881441441441441181e-07 1.707063589689237595e+10
5.881481481481481678e-07 1.705485327521989059e+10
5.881521521521521116e-07 1.706418424118362808e+10
5.881561561561561613e-07 1.706182607661246490e+10
5.881601601601602109e-07 1.706759468356191254e+10
5.881641641641641547e-07 1.706055483832698059e+10
5.881681681681683103e-07 1.707290769367514038e+10
5.881721721721722540e-07 1.705214503297902679e+10
5.881761761761763037e-07 1.708647250325751114e+10
5.881801801801802475e-07 1.705410563630307770e+10
5.881841841841842972e-07 1.706120737069807816e+10
5.881881881881882410e-07 1.707656639464707565e+10
5.881921921921922906e-07 1.706401927554231644e+10
5.881961961961962344e-07 1.706175602520209885e+10
5.882002002002002841e-07 1.706618729662999344e+10
5.882042042042042279e-07 1.706903595467860031e+10
5.882082082082082775e-07 1.707751397970161057e+10
5.882122122122122213e-07 1.704890890507903671e+10
5.882162162162162710e-07 1.708519258011776352e+10
5.882202202202202148e-07 1.705489431865723038e+10
5.882242242242242644e-07 1.705849712382068253e+10
5.882282282282282082e-07 1.705674284971351242e+10
5.882322322322322579e-07 1.706181329424258423e+10
5.882362362362362017e-07 1.706897001949943161e+10
5.882402402402403572e-07 1.705229717975814819e+10
5.882442442442443010e-07 1.706753048642472076e+10
5.882482482482483507e-07 1.705069996218138123e+10
5.882522522522522945e-07 1.705156895899665833e+10
5.882562562562563441e-07 1.706885533614836121e+10
5.882602602602602879e-07 1.707122579834249878e+10
5.882642642642643376e-07 1.706223357200009537e+10
5.882682682682682814e-07 1.705643381394487762e+10
5.882722722722723310e-07 1.703582952441016769e+10
5.882762762762762748e-07 1.705909052300408554e+10
5.882802802802803245e-07 1.705801164803763199e+10
5.882842842842842683e-07 1.705665862897428513e+10
5.882882882882883179e-07 1.705792283852941513e+10
5.882922922922922617e-07 1.706237177131603622e+10
5.882962962962963114e-07 1.704407084738731003e+10
5.883003003003002552e-07 1.706408007861114883e+10
5.883043043043043049e-07 1.705316928068053055e+10
5.883083083083082486e-07 1.707740096710374832e+10
5.883123123123124042e-07 1.706183492354601288e+10
5.883163163163163480e-07 1.704533100221060181e+10
5.883203203203203976e-07 1.707060169254305267e+10
5.883243243243244473e-07 1.706385676029402161e+10
5.883283283283283911e-07 1.704340316943996429e+10
5.883323323323324408e-07 1.704764275113434982e+10
5.883363363363363845e-07 1.707190584619646454e+10
5.883403403403404342e-07 1.703478902374416733e+10
5.883443443443443780e-07 1.705726555987572479e+10
5.883483483483484277e-07 1.706587914651626205e+10
5.883523523523523715e-07 1.703742878069183731e+10
5.883563563563564211e-07 1.705846063733186722e+10
5.883603603603603649e-07 1.705449391283371353e+10
5.883643643643644146e-07 1.704112438174003220e+10
5.883683683683683584e-07 1.705384798534032822e+10
5.883723723723724080e-07 1.704531462908933640e+10
5.883763763763763518e-07 1.706085487902283859e+10
5.883803803803804015e-07 1.705398562183869553e+10
5.883843843843843453e-07 1.705227358755250931e+10
5.883883883883885008e-07 1.704799088522070312e+10
5.883923923923924446e-07 1.705580281576877594e+10
5.883963963963964943e-07 1.704895900468601227e+10
5.884004004004004381e-07 1.705534316359208679e+10
5.884044044044044877e-07 1.705089064816410065e+10
5.884084084084084315e-07 1.704957457787702179e+10
5.884124124124124812e-07 1.705257105693123627e+10
5.884164164164164250e-07 1.704663630218111420e+10
5.884204204204204746e-07 1.704047726961580276e+10
5.884244244244244184e-07 1.705327521673939514e+10
5.884284284284284681e-07 1.704204842829412460e+10
5.884324324324324119e-07 1.705401062158549881e+10
5.884364364364364615e-07 1.705362500573439407e+10
5.884404404404404053e-07 1.704118600287379074e+10
5.884444444444444550e-07 1.704686638443535233e+10
5.884484484484483988e-07 1.705833956894727707e+10
5.884524524524524484e-07 1.704325206744992447e+10
5.884564564564563922e-07 1.705842402925846481e+10
5.884604604604605478e-07 1.705216442016769409e+10
5.884644644644644916e-07 1.704447559714753723e+10
5.884684684684685412e-07 1.704911316731954193e+10
5.884724724724724850e-07 1.704020858389281464e+10
5.884764764764765347e-07 1.703699944817185211e+10
5.884804804804805844e-07 1.702159551658766937e+10
5.884844844844845281e-07 1.704940809636870575e+10
5.884884884884885778e-07 1.703159433733831787e+10
5.884924924924925216e-07 1.703640571321662140e+10
5.884964964964965713e-07 1.704714592135192490e+10
5.885005005005005150e-07 1.705070331138120270e+10
5.885045045045045647e-07 1.704263397857877731e+10
5.885085085085085085e-07 1.703628850074484634e+10
5.885125125125125582e-07 1.703942327203222275e+10
5.885165165165165020e-07 1.705802672033111954e+10
5.885205205205205516e-07 1.703744359456367874e+10
5.885245245245244954e-07 1.705194285964292526e+10
5.885285285285286510e-07 1.704282733319407654e+10
5.885325325325325947e-07 1.703617886349435043e+10
5.885365365365366444e-07 1.702399387311987305e+10
5.885405405405405882e-07 1.705163717516862488e+10
5.885445445445446379e-07 1.702308433065644836e+10
5.885485485485485816e-07 1.704110342498371124e+10
5.885525525525526313e-07 1.703898973059184265e+10
5.885565565565565751e-07 1.705951692062782288e+10
5.885605605605606248e-07 1.704934728285893250e+10
5.885645645645645686e-07 1.703078015551406097e+10
5.885685685685686182e-07 1.704939246093881226e+10
5.885725725725725620e-07 1.705309655176367950e+10
5.885765765765766117e-07 1.703949518992766571e+10
5.885805805805805555e-07 1.705664189569013977e+10
5.885845845845846051e-07 1.702412558470788193e+10
5.885885885885885489e-07 1.704194172270297241e+10
5.885925925925925986e-07 1.702380496848093796e+10
5.885965965965965424e-07 1.704781436411587906e+10
5.886006006006006979e-07 1.705775131341500473e+10
5.886046046046046417e-07 1.703309065330710983e+10
5.886086086086086914e-07 1.703428601281735611e+10
5.886126126126126352e-07 1.703956841920411301e+10
5.886166166166166848e-07 1.702837950214105988e+10
5.886206206206206286e-07 1.702950775341354752e+10
5.886246246246246783e-07 1.705343711843865204e+10
5.886286286286286221e-07 1.702267894163146973e+10
5.886326326326326717e-07 1.703626819044350433e+10
5.886366366366366155e-07 1.702281519200859833e+10
5.886406406406406652e-07 1.704571139726205444e+10
5.886446446446447149e-07 1.702937380520169830e+10
5.886486486486486586e-07 1.703589948646376801e+10
5.886526526526527083e-07 1.702929170920430756e+10
5.886566566566566521e-07 1.703977220441790009e+10
5.886606606606607018e-07 1.701389862267629623e+10
5.886646646646646455e-07 1.702304144177108002e+10
5.886686686686688011e-07 1.702217188382857895e+10
5.886726726726727449e-07 1.701826225000460434e+10
5.886766766766767945e-07 1.701788098816048050e+10
5.886806806806807383e-07 1.703563005395402908e+10
5.886846846846847880e-07 1.703566450062987137e+10
5.886886886886887318e-07 1.703702053852090073e+10
5.886926926926927815e-07 1.701977268196770477e+10
5.886966966966967252e-07 1.702067246628012466e+10
5.887007007007007749e-07 1.703169034859724426e+10
5.887047047047047187e-07 1.704305886252621460e+10
5.887087087087087684e-07 1.704210703290750885e+10
5.887127127127127121e-07 1.704697059548131561e+10
5.887167167167167618e-07 1.704386541624913025e+10
5.887207207207207056e-07 1.701653579025569916e+10
5.887247247247247553e-07 1.704762913364368439e+10
5.887287287287286991e-07 1.703271335066561127e+10
5.887327327327327487e-07 1.703861058816249084e+10
5.887367367367366925e-07 1.704609091290859222e+10
5.887407407407408481e-07 1.703346143643140030e+10
5.887447447447447918e-07 1.701177100407877731e+10
5.887487487487488415e-07 1.703178197876869583e+10
5.887527527527527853e-07 1.704456870566953659e+10
5.887567567567568350e-07 1.702472148621703720e+10
5.887607607607607788e-07 1.704050120634968948e+10
5.887647647647648284e-07 1.703295485489209366e+10
5.887687687687687722e-07 1.703421484926075363e+10
5.887727727727728219e-07 1.701968249924092865e+10
5.887767767767767657e-07 1.702692706253735733e+10
5.887807807807808153e-07 1.704405511910826874e+10
5.887847847847847591e-07 1.701675311986408997e+10
5.887887887887888088e-07 1.702016237067305756e+10
5.887927927927927526e-07 1.704732670537646484e+10
5.887967967967968022e-07 1.701351989981246948e+10
5.888008008008008519e-07 1.701774145510543060e+10
5.888048048048047957e-07 1.703091693621847534e+10
5.888088088088089512e-07 1.703603854195648575e+10
5.888128128128128950e-07 1.703563079691284561e+10
5.888168168168169447e-07 1.701832032110361862e+10
5.888208208208208885e-07 1.702856025821567154e+10
5.888248248248249381e-07 1.701394625229622269e+10
5.888288288288288819e-07 1.703024470552215958e+10
5.888328328328329316e-07 1.702032350753009415e+10
5.888368368368368754e-07 1.703223133067099380e+10
5.888408408408409250e-07 1.703640600968053818e+10
5.888448448448448688e-07 1.701497185686706161e+10
5.888488488488489185e-07 1.702515902058436584e+10
5.888528528528528623e-07 1.702543552355646133e+10
5.888568568568569120e-07 1.702428959181277466e+10
5.888608608608608557e-07 1.704218549593136597e+10
5.888648648648649054e-07 1.701588111943337250e+10
5.888688688688688492e-07 1.702101134038634491e+10
5.888728728728728989e-07 1.703059692647779846e+10
5.888768768768768426e-07 1.701541669932891846e+10
5.888808808808809982e-07 1.702744239761177444e+10
5.888848848848849420e-07 1.701658920861803436e+10
5.888888888888889916e-07 1.703237989981484604e+10
5.888928928928929354e-07 1.703010724613649368e+10
5.888968968968969851e-07 1.703277213683524704e+10
5.889009009009009289e-07 1.701842079137627029e+10
5.889049049049049786e-07 1.702703081163160324e+10
5.889089089089089223e-07 1.702923764990426254e+10
5.889129129129129720e-07 1.702867558318794632e+10
5.889169169169169158e-07 1.701523522695019913e+10
5.889209209209209655e-07 1.701597852101618576e+10
5.889249249249249093e-07 1.701288897279946518e+10
5.889289289289289589e-07 1.702023898373080063e+10
5.889329329329329027e-07 1.703784958901209641e+10
5.889369369369369524e-07 1.700489812235670471e+10
5.889409409409408962e-07 1.702405640915344620e+10
5.889449449449449458e-07 1.701926670567736053e+10
5.889489489489488896e-07 1.700843146657032013e+10
5.889529529529529393e-07 1.702682908419685364e+10
5.889569569569569889e-07 1.701620586150171661e+10
5.889609609609610386e-07 1.701565205672133636e+10
5.889649649649650883e-07 1.703480146800446701e+10
5.889689689689690321e-07 1.699948007780835342e+10
5.889729729729730817e-07 1.701649561611175919e+10
5.889769769769770255e-07 1.701097595559462357e+10
5.889809809809810752e-07 1.701167074428190994e+10
5.889849849849850190e-07 1.701497511082649612e+10
5.889889889889890686e-07 1.700739253090747452e+10
5.889929929929930124e-07 1.700599714412863541e+10
5.889969969969970621e-07 1.700661798184711075e+10
5.890010010010010059e-07 1.702316130559543228e+10
5.890050050050050555e-07 1.700202174155315018e+10
5.890090090090089993e-07 1.701016612611424637e+10
5.890130130130130490e-07 1.700884160965824890e+10
5.890170170170169928e-07 1.701032647518532944e+10
5.890210210210210425e-07 1.701992343856542969e+10
5.890250250250249862e-07 1.701928130375662231e+10
5.890290290290291418e-07 1.701489722147452545e+10
5.890330330330330856e-07 1.699719660306045532e+10
5.890370370370371352e-07 1.700150222691677856e+10
5.890410410410410790e-07 1.703701257060590363e+10
5.890450450450451287e-07 1.700649252588094711e+10
5.890490490490490725e-07 1.701868125241567230e+10
5.890530530530531221e-07 1.703041419397014999e+10
5.890570570570570659e-07 1.702897740956110764e+10
5.890610610610611156e-07 1.700805028177709579e+10
5.890650650650650594e-07 1.701435981424451828e+10
5.890690690690691091e-07 1.700632430966253281e+10
5.890730730730730528e-07 1.701290213279278946e+10
5.890770770770771025e-07 1.700378647696356583e+10
5.890810810810810463e-07 1.699598262171343613e+10
5.890850850850850960e-07 1.701742907037838364e+10
5.890890890890890398e-07 1.700376481262791824e+10
5.890930930930930894e-07 1.701756468282345200e+10
5.890970970970970332e-07 1.701524057041227341e+10
5.891011011011011888e-07 1.699321163398638153e+10
5.891051051051051325e-07 1.701398267131645966e+10
5.891091091091091822e-07 1.697210622088109589e+10
5.891131131131131260e-07 1.702215763408354950e+10
5.891171171171171757e-07 1.702607744588246918e+10
5.891211211211212253e-07 1.700312909353973770e+10
5.891251251251251691e-07 1.701001709303789139e+10
5.891291291291292188e-07 1.700938096731465530e+10
5.891331331331331626e-07 1.700759995841941452e+10
5.891371371371372122e-07 1.700275548821099472e+10
5.891411411411411560e-07 1.698204011817567825e+10
5.891451451451452057e-07 1.701287050862922287e+10
5.891491491491491495e-07 1.700487271314140701e+10
5.891531531531531991e-07 1.700636995428068924e+10
5.891571571571571429e-07 1.701036618974917221e+10
5.891611611611611926e-07 1.701330097551408005e+10
5.891651651651651364e-07 1.699131552530807114e+10
5.891691691691692919e-07 1.701555927645601654e+10
5.891731731731732357e-07 1.700249637183590698e+10
5.891771771771772854e-07 1.700311796676194763e+10
5.891811811811812292e-07 1.700968702549468994e+10
5.891851851851852788e-07 1.700443181850223541e+10
5.891891891891892226e-07 1.700995697467658234e+10
5.891931931931932723e-07 1.700963998185472870e+10
5.891971971971972161e-07 1.699602212733308411e+10
5.892012012012012657e-07 1.700359754803609085e+10
5.892052052052052095e-07 1.701080288824556732e+10
5.892092092092092592e-07 1.700183271727244949e+10
5.892132132132132030e-07 1.700863840659328842e+10
5.892172172172172526e-07 1.701461595572803116e+10
5.892212212212211964e-07 1.702519584148932266e+10
5.892252252252252461e-07 1.700319603782179642e+10
5.892292292292291899e-07 1.700080823426593399e+10
5.892332332332332396e-07 1.698531582827465439e+10
5.892372372372371833e-07 1.698842917180710983e+10
5.892412412412413389e-07 1.700636509769467926e+10
5.892452452452452827e-07 1.700383984613962555e+10
5.892492492492493323e-07 1.699763559435049438e+10
5.892532532532532761e-07 1.699122476214206696e+10
5.892572572572573258e-07 1.697457226193887329e+10
5.892612612612612696e-07 1.699691603320905304e+10
5.892652652652653193e-07 1.700313545622411346e+10
5.892692692692692630e-07 1.701280126756581879e+10
5.892732732732733127e-07 1.700237222440531921e+10
5.892772772772772565e-07 1.700739120492373657e+10
5.892812812812813062e-07 1.701588469309976959e+10
5.892852852852853558e-07 1.700988076193713760e+10
5.892892892892892996e-07 1.701443314867663956e+10
5.892932932932933493e-07 1.701147917827569962e+10
5.892972972972972931e-07 1.701678623244926071e+10
5.893013013013013427e-07 1.702766200770630264e+10
5.893053053053052865e-07 1.703147304006311417e+10
5.893093093093094421e-07 1.703263445469971466e+10
5.893133133133133859e-07 1.705142423729422379e+10
5.893173173173174355e-07 1.707736027948999786e+10
5.893213213213213793e-07 1.707486975197863770e+10
5.893253253253254290e-07 1.708766474199579620e+10
5.893293293293293728e-07 1.711322496056346893e+10
5.893333333333334224e-07 1.712331109402514648e+10
5.893373373373373662e-07 1.714983325661493683e+10
5.893413413413414159e-07 1.718878216055039215e+10
5.893453453453453597e-07 1.722470784552214050e+10
5.893493493493494093e-07 1.724446408423129272e+10
5.893533533533533531e-07 1.730569078165646362e+10
5.893573573573574028e-07 1.735216208057602692e+10
5.893613613613613466e-07 1.743005934292863464e+10
5.893653653653653962e-07 1.747169795690595627e+10
5.893693693693693400e-07 1.755697991455944824e+10
5.893733733733733897e-07 1.763299253500277328e+10
5.893773773773773335e-07 1.771977738160061264e+10
5.893813813813814890e-07 1.782169141302712631e+10
5.893853853853854328e-07 1.793090436864098740e+10
5.893893893893894825e-07 1.805874227925018692e+10
5.893933933933934263e-07 1.818876672187240219e+10
5.893973973973974759e-07 1.832891292711994171e+10
5.894014014014014197e-07 1.847577444570265579e+10
5.894054054054054694e-07 1.866040852987830353e+10
5.894094094094094132e-07 1.881994405268961334e+10
5.894134134134134628e-07 1.899666561532087708e+10
5.894174174174174066e-07 1.917500750901386261e+10
5.894214214214214563e-07 1.937638478190817261e+10
5.894254254254254001e-07 1.956908072182484436e+10
5.894294294294294498e-07 1.981565603683173370e+10
5.894334334334333935e-07 2.002126540561110687e+10
5.894374374374374432e-07 2.020153076904222107e+10
5.894414414414414929e-07 2.042340641777270126e+10
5.894454454454454367e-07 2.062966870845552826e+10
5.894494494494495922e-07 2.085107907616981888e+10
5.894534534534535360e-07 2.104693615185434341e+10
5.894574574574575857e-07 2.122554770322593307e+10
5.894614614614615294e-07 2.143451320278087997e+10
5.894654654654655791e-07 2.163190028861490631e+10
5.894694694694695229e-07 2.175579319363721085e+10
5.894734734734735726e-07 2.192421674882870483e+10
5.894774774774775164e-07 2.204316809760530853e+10
5.894814814814815660e-07 2.213764058348686218e+10
5.894854854854855098e-07 2.225011697823971558e+10
5.894894894894895595e-07 2.230093816131351471e+10
5.894934934934935033e-07 2.238137366519495392e+10
5.894974974974975529e-07 2.239558799375877380e+10
5.895015015015014967e-07 2.239384821768274689e+10
5.895055055055055464e-07 2.237240820181454468e+10
5.895095095095094902e-07 2.232784591365157318e+10
5.895135135135135398e-07 2.226996552079235840e+10
5.895175175175174836e-07 2.218542381829346466e+10
5.895215215215215333e-07 2.208325014595949936e+10
5.895255255255255830e-07 2.194521627638602829e+10
5.895295295295296326e-07 2.180251561390726089e+10
5.895335335335335764e-07 2.165189674757918167e+10
5.895375375375376261e-07 2.147693201048184586e+10
5.895415415415415699e-07 2.129477845166225815e+10
5.895455455455456195e-07 2.107915629670324326e+10
5.895495495495495633e-07 2.089195078169987869e+10
5.895535535535536130e-07 2.068865019230947113e+10
5.895575575575575568e-07 2.046538259571268845e+10
5.895615615615616064e-07 2.025315467798446655e+10
5.895655655655655502e-07 2.005010260440425110e+10
5.895695695695695999e-07 1.984922085491816711e+10
5.895735735735735437e-07 1.961546041291857910e+10
5.895775775775775933e-07 1.941018126087920380e+10
5.895815815815815371e-07 1.923086591444181061e+10
5.895855855855855868e-07 1.902234314877716064e+10
5.895895895895895306e-07 1.885524403256312561e+10
5.895935935935935803e-07 1.868820602009316254e+10
5.895975975975976299e-07 1.849663315561757278e+10
5.896016016016016796e-07 1.835302572503183365e+10
5.896056056056057292e-07 1.822370759474882126e+10
5.896096096096096730e-07 1.808048036881635666e+10
5.896136136136137227e-07 1.796467912561121750e+10
5.896176176176176665e-07 1.785175537575291061e+10
5.896216216216217162e-07 1.774106421885132980e+10
5.896256256256256599e-07 1.764935320650967026e+10
5.896296296296297096e-07 1.754262335761653900e+10
5.896336336336336534e-07 1.749979136124097824e+10
5.896376376376377031e-07 1.741651530220177460e+10
5.896416416416416469e-07 1.736028723028092194e+10
5.896456456456456965e-07 1.729711668149731445e+10
5.896496496496496403e-07 1.724397846154848480e+10
5.896536536536536900e-07 1.719153237549890900e+10
5.896576576576576338e-07 1.718192169438217926e+10
5.896616616616616834e-07 1.714110929573684692e+10
5.896656656656656272e-07 1.713248238327366638e+10
5.896696696696697828e-07 1.710471904195153427e+10
5.896736736736737265e-07 1.707205525165901566e+10
5.896776776776777762e-07 1.705117282911610794e+10
5.896816816816817200e-07 1.704298648987093735e+10
5.896856856856857697e-07 1.704343893213091660e+10
5.896896896896897135e-07 1.702799251753311539e+10
5.896936936936937631e-07 1.701469041213805771e+10
5.896976976976977069e-07 1.699750014170054245e+10
5.897017017017017566e-07 1.699498584505846024e+10
5.897057057057057004e-07 1.699409468822670364e+10
5.897097097097097500e-07 1.700328654145357895e+10
5.897137137137136938e-07 1.699675056624956894e+10
5.897177177177177435e-07 1.697314821987507629e+10
5.897217217217216873e-07 1.699219066972668076e+10
5.897257257257257369e-07 1.696540260455849457e+10
5.897297297297296807e-07 1.699988609896282959e+10
5.897337337337337304e-07 1.698981099416001129e+10
5.897377377377376742e-07 1.698067868447129822e+10
5.897417417417418297e-07 1.700853390357749939e+10
5.897457457457457735e-07 1.696083430787068939e+10
5.897497497497498232e-07 1.696950599004141617e+10
5.897537537537537670e-07 1.697210352543085480e+10
5.897577577577578166e-07 1.699218326591478348e+10
5.897617617617618663e-07 1.698634007429809952e+10
5.897657657657658101e-07 1.694641341216849136e+10
5.897697697697698597e-07 1.696888691191511917e+10
5.897737737737738035e-07 1.698101458460409927e+10
5.897777777777778532e-07 1.695271960879685593e+10
5.897817817817817970e-07 1.697964766034223557e+10
5.897857857857858467e-07 1.697539111148136520e+10
5.897897897897897904e-07 1.694801363145299149e+10
5.897937937937938401e-07 1.698896786500758362e+10
5.897977977977977839e-07 1.697119232944152451e+10
5.898018018018018336e-07 1.697615431070478821e+10
5.898058058058057774e-07 1.697589300574436951e+10
5.898098098098099329e-07 1.696643153573065186e+10
5.898138138138138767e-07 1.695800306287515259e+10
5.898178178178179264e-07 1.695988778095439529e+10
5.898218218218218701e-07 1.696336703431214905e+10
5.898258258258259198e-07 1.697252538727083969e+10
5.898298298298298636e-07 1.697221386046598053e+10
5.898338338338339133e-07 1.697541082193438339e+10
5.898378378378378570e-07 1.698253121703942490e+10
5.898418418418419067e-07 1.695530729609514999e+10
5.898458458458458505e-07 1.697624599137437820e+10
5.898498498498499002e-07 1.696989895255928421e+10
5.898538538538538440e-07 1.695743890684701157e+10
5.898578578578578936e-07 1.696719488584114456e+10
5.898618618618618374e-07 1.696120292012070084e+10
5.898658658658658871e-07 1.695859750907750320e+10
5.898698698698698309e-07 1.695886651511916733e+10
5.898738738738738805e-07 1.698578414278281403e+10
5.898778778778778243e-07 1.695591946800429153e+10
5.898818818818819799e-07 1.697741474735709381e+10
5.898858858858859236e-07 1.696017207678259277e+10
5.898898898898899733e-07 1.696446582693076324e+10
5.898938938938939171e-07 1.695986785156211853e+10
5.898978978978979668e-07 1.697091360241360474e+10
5.899019019019019106e-07 1.698167269658620453e+10
5.899059059059059602e-07 1.695012872723236465e+10
5.899099099099099040e-07 1.696774929583747864e+10
5.899139139139139537e-07 1.698096018233756638e+10
5.899179179179178975e-07 1.697312214780947495e+10
5.899219219219219471e-07 1.697612261850569534e+10
5.899259259259259968e-07 1.697236777973063278e+10
5.899299299299299406e-07 1.694820633777611923e+10
5.899339339339339903e-07 1.696837261887444687e+10
5.899379379379379340e-07 1.694847192749495316e+10
5.899419419419419837e-07 1.696546698998132706e+10
5.899459459459459275e-07 1.696227301403923416e+10
5.899499499499500830e-07 1.694688298351496124e+10
5.899539539539540268e-07 1.694552611477606201e+10
5.899579579579580765e-07 1.696472066288627625e+10
5.899619619619620203e-07 1.696010007040203094e+10
5.899659659659660699e-07 1.695646674619760895e+10
5.899699699699700137e-07 1.695662884479850769e+10
5.899739739739740634e-07 1.694705018151199341e+10
5.899779779779780072e-07 1.696752983860308075e+10
5.899819819819820569e-07 1.695194377969472885e+10
5.899859859859860006e-07 1.697400786984453583e+10
5.899899899899900503e-07 1.694657002788638687e+10
5.899939939939939941e-07 1.695494894931866074e+10
5.899979979979980438e-07 1.695124496510453415e+10
5.900020020020019875e-07 1.696375624943444443e+10
5.900060060060060372e-07 1.697679514059389114e+10
5.900100100100099810e-07 1.693839302650893784e+10
5.900140140140140307e-07 1.695834823458456802e+10
5.900180180180179745e-07 1.694963535818206406e+10
5.900220220220221300e-07 1.694414159520217133e+10
5.900260260260260738e-07 1.695887085670351410e+10
5.900300300300301235e-07 1.694240443894874573e+10
5.900340340340340672e-07 1.695295500332324982e+10
5.900380380380381169e-07 1.694087541055867004e+10
5.900420420420420607e-07 1.694057573646781158e+10
5.900460460460461104e-07 1.695149717017684174e+10
5.900500500500500541e-07 1.696529180862795258e+10
5.900540540540541038e-07 1.694660059268029022e+10
5.900580580580580476e-07 1.697480084098763275e+10
5.900620620620620973e-07 1.696015272232384491e+10
5.900660660660660411e-07 1.696378457628411865e+10
5.900700700700700907e-07 1.694847616831644058e+10
5.900740740740740345e-07 1.694127953030690765e+10
5.900780780780780842e-07 1.695833404589128494e+10
5.900820820820821338e-07 1.694919620069947433e+10
5.900860860860860776e-07 1.695480673427479935e+10
5.900900900900901273e-07 1.695202815023556900e+10
5.900940940940941770e-07 1.696016719846224594e+10
5.900980980980982266e-07 1.695558601190120697e+10
5.901021021021021704e-07 1.694791140239993286e+10
5.901061061061062201e-07 1.696477775198271179e+10
5.901101101101101639e-07 1.695226897484416962e+10
5.901141141141142135e-07 1.696270994624900818e+10
5.901181181181181573e-07 1.696209553311925507e+10
5.901221221221222070e-07 1.694539387177635956e+10
5.901261261261261508e-07 1.694908171659465027e+10
5.901301301301302004e-07 1.696083561828706360e+10
5.901341341341341442e-07 1.692965846829222870e+10
5.901381381381381939e-07 1.693905547608145905e+10
5.901421421421421377e-07 1.696857451471208954e+10
5.901461461461461874e-07 1.694370555533483505e+10
5.901501501501501311e-07 1.693944385297047424e+10
5.901541541541541808e-07 1.695493617286152267e+10
5.901581581581581246e-07 1.694361537838158798e+10
5.901621621621621743e-07 1.695423902517647934e+10
5.901661661661662239e-07 1.695598487540378189e+10
5.901701701701702736e-07 1.694368269095845413e+10
5.901741741741742174e-07 1.694930139262348557e+10
5.901781781781782670e-07 1.694848202307072449e+10
5.901821821821822108e-07 1.696374617178834152e+10
5.901861861861862605e-07 1.693886808386443329e+10
5.901901901901902043e-07 1.694179528187039948e+10
5.901941941941942540e-07 1.695313725395903778e+10
5.901981981981981977e-07 1.695529082995888519e+10
5.902022022022022474e-07 1.695540959236798859e+10
5.902062062062061912e-07 1.695356918382674408e+10
5.902102102102102409e-07 1.693447310478958893e+10
5.902142142142141846e-07 1.692401945836404419e+10
5.902182182182182343e-07 1.694439913995368958e+10
5.902222222222221781e-07 1.696049389399880219e+10
5.902262262262262278e-07 1.694135411665882874e+10
5.902302302302301716e-07 1.694653421177454376e+10
5.902342342342342212e-07 1.694698622874845505e+10
5.902382382382382709e-07 1.694511168738185501e+10
5.902422422422423206e-07 1.693510969170772171e+10
5.902462462462463702e-07 1.694985334073501587e+10
5.902502502502503140e-07 1.694914416043874741e+10
5.902542542542543637e-07 1.696250143509108734e+10
5.902582582582583075e-07 1.695626186574908447e+10
5.902622622622623571e-07 1.692626794990548706e+10
5.902662662662663009e-07 1.695144311456256104e+10
5.902702702702703506e-07 1.695331129219586182e+10
5.902742742742742944e-07 1.693861802645355988e+10
5.902782782782783440e-07 1.693961457317214966e+10
5.902822822822822878e-07 1.694832080238285828e+10
5.902862862862863375e-07 1.693931864824217224e+10
5.902902902902902813e-07 1.695899800867063904e+10
5.902942942942943309e-07 1.694021110970577240e+10
5.902982982982982747e-07 1.694256925872137451e+10
5.903023023023023244e-07 1.695139270150259018e+10
5.903063063063062682e-07 1.694210204716958618e+10
5.903103103103104237e-07 1.694917528481510544e+10
5.903143143143143675e-07 1.694586772664786911e+10
5.903183183183184172e-07 1.694721961727397537e+10
5.903223223223223610e-07 1.693697224571841049e+10
5.903263263263264106e-07 1.693870863473878860e+10
5.903303303303303544e-07 1.693693122228191757e+10
5.903343343343344041e-07 1.695750018989881134e+10
5.903383383383383479e-07 1.694368979002733994e+10
5.903423423423423975e-07 1.693876840851317596e+10
5.903463463463463413e-07 1.692200135027858734e+10
5.903503503503503910e-07 1.694153992719914246e+10
5.903543543543543348e-07 1.695162405931778717e+10
5.903583583583583845e-07 1.693123320494087982e+10
5.903623623623623282e-07 1.693921896788934326e+10
5.903663663663663779e-07 1.695963435506134033e+10
5.903703703703703217e-07 1.693049125864330292e+10
5.903743743743743714e-07 1.695314936003437042e+10
5.903783783783783151e-07 1.697020177641665649e+10
5.903823823823824707e-07 1.693720535140716934e+10
5.903863863863864145e-07 1.694622953024664688e+10
5.903903903903904641e-07 1.694393382265583420e+10
5.903943943943944079e-07 1.693971132881033707e+10
5.903983983983984576e-07 1.693183985572099686e+10
5.904024024024025073e-07 1.695002225276414108e+10
5.904064064064064511e-07 1.693498874844434738e+10
5.904104104104105007e-07 1.695178510889952087e+10
5.904144144144144445e-07 1.693045608760322189e+10
5.904184184184184942e-07 1.692397122339324188e+10
5.904224224224224380e-07 1.694821092487446594e+10
5.904264264264264876e-07 1.692934334924293518e+10
5.904304304304304314e-07 1.695083401398426056e+10
5.904344344344344811e-07 1.692852891705610657e+10
5.904384384384384249e-07 1.693391957902449036e+10
5.904424424424424745e-07 1.692277683360570526e+10
5.904464464464464183e-07 1.692804525858283234e+10
5.904504504504505739e-07 1.693176591469348526e+10
5.904544544544545177e-07 1.694144807583435440e+10
5.904584584584585673e-07 1.694521164287635422e+10
5.904624624624625111e-07 1.695100392613567734e+10
5.904664664664665608e-07 1.694314948608732224e+10
5.904704704704705046e-07 1.694170341987086105e+10
5.904744744744745542e-07 1.694645733533046341e+10
5.904784784784784980e-07 1.693769807570441055e+10
5.904824824824825477e-07 1.692272793550745773e+10
5.904864864864864915e-07 1.694642990315097427e+10
5.904904904904905411e-07 1.691845757403487015e+10
5.904944944944944849e-07 1.693096915274079514e+10
5.904984984984985346e-07 1.692403567041727448e+10
5.905025025025024784e-07 1.693224343320750809e+10
5.905065065065065280e-07 1.692112987340467072e+10
5.905105105105104718e-07 1.693307986649421692e+10
5.905145145145145215e-07 1.694097241390895081e+10
5.905185185185184653e-07 1.694020172785577393e+10
5.905225225225226208e-07 1.692216993968810272e+10
5.905265265265265646e-07 1.694223223043911743e+10
5.905305305305306143e-07 1.693609786295651627e+10
5.905345345345345581e-07 1.692014440267842865e+10
5.905385385385386077e-07 1.691879807139767075e+10
5.905425425425425515e-07 1.691423471714761734e+10
5.905465465465466012e-07 1.692085323481082535e+10
5.905505505505505450e-07 1.692464902271235275e+10
5.905545545545545946e-07 1.692342428388506699e+10
5.905585585585585384e-07 1.692094843121144485e+10
5.905625625625625881e-07 1.692146955987472153e+10
5.905665665665666378e-07 1.693993739461756516e+10
5.905705705705705816e-07 1.693207400290431595e+10
5.905745745745746312e-07 1.694142755756542206e+10
5.905785785785785750e-07 1.692678234164855576e+10
5.905825825825826247e-07 1.692500670712611389e+10
5.905865865865865685e-07 1.693152750300073242e+10
5.905905905905907240e-07 1.695067892451519775e+10
5.905945945945946678e-07 1.693350694438192749e+10
5.905985985985987175e-07 1.692384576903386307e+10
5.906026026026026612e-07 1.692484301488256836e+10
5.906066066066067109e-07 1.692469478368841171e+10
5.906106106106106547e-07 1.691525903340103531e+10
5.906146146146147044e-07 1.691135489148944473e+10
5.906186186186186482e-07 1.691821311493168259e+10
5.906226226226226978e-07 1.693723557034334946e+10
5.906266266266266416e-07 1.693564906774113083e+10
5.906306306306306913e-07 1.694971171209880447e+10
5.906346346346346351e-07 1.692712954364844131e+10
5.906386386386386847e-07 1.693169640950429916e+10
5.906426426426426285e-07 1.691816188867937088e+10
5.906466466466466782e-07 1.692652227850831223e+10
5.906506506506506220e-07 1.693080887836500931e+10
5.906546546546546716e-07 1.692282515892655182e+10
5.906586586586586154e-07 1.692034411765291214e+10
5.906626626626627710e-07 1.692378620250673676e+10
5.906666666666667148e-07 1.694120473382536316e+10
5.906706706706707644e-07 1.692826731283920288e+10
5.906746746746747082e-07 1.692057659014783478e+10
5.906786786786787579e-07 1.691611563469568634e+10
5.906826826826827017e-07 1.692309210207617188e+10
5.906866866866867513e-07 1.691525566056103134e+10
5.906906906906906951e-07 1.692016600144177246e+10
5.906946946946947448e-07 1.691986732087790298e+10
5.906986986986986886e-07 1.690588132152820206e+10
5.907027027027027382e-07 1.692453091554293442e+10
5.907067067067066820e-07 1.692593744037088394e+10
5.907107107107107317e-07 1.691877237463025284e+10
5.907147147147146755e-07 1.692017945135834885e+10
5.907187187187187251e-07 1.692262222775677109e+10
5.907227227227227748e-07 1.691705805616221237e+10
5.907267267267267186e-07 1.692236565944520187e+10
5.907307307307307683e-07 1.691474752013999939e+10
5.907347347347348179e-07 1.692948542964604950e+10
5.907387387387388676e-07 1.692341820400988770e+10
5.907427427427428114e-07 1.691022777294233704e+10
5.907467467467468611e-07 1.690664106721634674e+10
5.907507507507508048e-07 1.691984055032013702e+10
5.907547547547548545e-07 1.690970656832315063e+10
5.907587587587587983e-07 1.692980669593089294e+10
5.907627627627628480e-07 1.691919679492684555e+10
5.907667667667667917e-07 1.691503202390385437e+10
5.907707707707708414e-07 1.691536457682089615e+10
5.907747747747747852e-07 1.691381024986871719e+10
5.907787787787788349e-07 1.692859370069519424e+10
5.907827827827827787e-07 1.691010563730415726e+10
5.907867867867868283e-07 1.692745356255127335e+10
5.907907907907907721e-07 1.693429240638086319e+10
5.907947947947948218e-07 1.691590649923227310e+10
5.907987987987987656e-07 1.692294318984260178e+10
5.908028028028028152e-07 1.689011902065671158e+10
5.908068068068068649e-07 1.693915097697355652e+10
5.908108108108109146e-07 1.691032166982132721e+10
5.908148148148148584e-07 1.692303424295004272e+10
5.908188188188189080e-07 1.691786308215361786e+10
5.908228228228228518e-07 1.693234935852634430e+10
5.908268268268269015e-07 1.691896237882855988e+10
5.908308308308308453e-07 1.691573845416748047e+10
5.908348348348348949e-07 1.690916806646533966e+10
5.908388388388388387e-07 1.691429195768038177e+10
5.908428428428428884e-07 1.690874244209749603e+10
5.908468468468468322e-07 1.692313729481242371e+10
5.908508508508508818e-07 1.690422603816685867e+10
5.908548548548548256e-07 1.691116353805802155e+10
5.908588588588588753e-07 1.690357552107452011e+10
5.908628628628628191e-07 1.691713808299680710e+10
5.908668668668668687e-07 1.691603715384006119e+10
5.908708708708708125e-07 1.690132626340161514e+10
5.908748748748748622e-07 1.689843487408910751e+10
5.908788788788789119e-07 1.690652775190166855e+10
5.908828828828829615e-07 1.690792441684152222e+10
5.908868868868870112e-07 1.691080722627841187e+10
5.908908908908909550e-07 1.690668575167891693e+10
5.908948948948950046e-07 1.690906551308738708e+10
5.908988988988989484e-07 1.690263773430751801e+10
5.909029029029029981e-07 1.690431500158811188e+10
5.909069069069069419e-07 1.690945347169168091e+10
5.909109109109109916e-07 1.691593018379695129e+10
5.909149149149149353e-07 1.691707456557874298e+10
5.909189189189189850e-07 1.691005997496005249e+10
5.909229229229229288e-07 1.691924138346676636e+10
5.909269269269269785e-07 1.691440398952990341e+10
5.909309309309309223e-07 1.691461403299746704e+10
5.909349349349349719e-07 1.692321255245079422e+10
5.909389389389389157e-07 1.690382419582564926e+10
5.909429429429429654e-07 1.690459107691353989e+10
5.909469469469469092e-07 1.690244432378692245e+10
5.909509509509510647e-07 1.690006178586546326e+10
5.909549549549550085e-07 1.691213958467984390e+10
5.909589589589590582e-07 1.691156849965404510e+10
5.909629629629630019e-07 1.689277785125650024e+10
5.909669669669670516e-07 1.689667892485274506e+10
5.909709709709709954e-07 1.692989660001973724e+10
5.909749749749750451e-07 1.690127633692469025e+10
5.909789789789789889e-07 1.689851680312604523e+10
5.909829829829830385e-07 1.689866282938541412e+10
5.909869869869869823e-07 1.689230188424870300e+10
5.909909909909910320e-07 1.691670827779743195e+10
5.909949949949949758e-07 1.689545270604605103e+10
5.909989989989990254e-07 1.690849573786837006e+10
5.910030030030029692e-07 1.689205250750546265e+10
5.910070070070070189e-07 1.691512644068584061e+10
5.910110110110109627e-07 1.689034864459606171e+10
5.910150150150150123e-07 1.688641857379870224e+10
5.910190190190189561e-07 1.691648415940360641e+10
5.910230230230231117e-07 1.689367125622749710e+10
5.910270270270270555e-07 1.688745170101371384e+10
5.910310310310311051e-07 1.690844797716237259e+10
5.910350350350350489e-07 1.689048233624443436e+10
5.910390390390390986e-07 1.690716946145375061e+10
5.910430430430431482e-07 1.689868402268254852e+10
5.910470470470470920e-07 1.690574498350997925e+10
5.910510510510511417e-07 1.689432308467539215e+10
5.910550550550550855e-07 1.690480218952761078e+10
5.910590590590591351e-07 1.688598843343547821e+10
5.910630630630630789e-07 1.689604490440515137e+10
5.910670670670671286e-07 1.690119725404988861e+10
5.910710710710710724e-07 1.690799770624354553e+10
5.910750750750751221e-07 1.689781669880380249e+10
5.910790790790790658e-07 1.691601167369890594e+10
5.910830830830831155e-07 1.686912437172331619e+10
5.910870870870870593e-07 1.688802566127361298e+10
5.910910910910912148e-07 1.690022009866603470e+10
5.910950950950951586e-07 1.688940276317598343e+10
5.910990990990992083e-07 1.689732385518138504e+10
5.911031031031031521e-07 1.690620736723314285e+10
5.911071071071072017e-07 1.691008631324616623e+10
5.911111111111111455e-07 1.691586021521916580e+10
5.911151151151151952e-07 1.689170121591203308e+10
5.911191191191191390e-07 1.689539917494080734e+10
5.911231231231231887e-07 1.691080246516281891e+10
5.911271271271271324e-07 1.689530497365412903e+10
5.911311311311311821e-07 1.688376643916577911e+10
5.911351351351351259e-07 1.688942602867131042e+10
5.911391391391391756e-07 1.688848148760203552e+10
5.911431431431431194e-07 1.691539076975385284e+10
5.911471471471471690e-07 1.688434076918322754e+10
5.911511511511511128e-07 1.687581110807444000e+10
5.911551551551551625e-07 1.688667319039633179e+10
5.911591591591591063e-07 1.688296516527996826e+10
5.911631631631632618e-07 1.689173260647005844e+10
5.911671671671672056e-07 1.689422252508263779e+10
5.911711711711712553e-07 1.689905030933642960e+10
5.911751751751751990e-07 1.690942655088692856e+10
5.911791791791792487e-07 1.689881485091883469e+10
5.911831831831831925e-07 1.687291786038704300e+10
5.911871871871872422e-07 1.689366670280731583e+10
5.911911911911911860e-07 1.687764996834067154e+10
5.911951951951952356e-07 1.690046479325602341e+10
5.911991991991991794e-07 1.690575189257281113e+10
5.912032032032032291e-07 1.689116904494763184e+10
5.912072072072072787e-07 1.687488469466461945e+10
5.912112112112112225e-07 1.689127007045095825e+10
5.912152152152152722e-07 1.688179438501477051e+10
5.912192192192192160e-07 1.688895515210031891e+10
5.912232232232232656e-07 1.688464919503687286e+10
5.912272272272272094e-07 1.688566577770714569e+10
5.912312312312313650e-07 1.687591813411909103e+10
5.912352352352353088e-07 1.688846191406391525e+10
5.912392392392393584e-07 1.687434384768624496e+10
5.912432432432433022e-07 1.688365818743083572e+10
5.912472472472473519e-07 1.689298866930071640e+10
5.912512512512512957e-07 1.689381573688226700e+10
5.912552552552553453e-07 1.687980023500449753e+10
5.912592592592592891e-07 1.687433679175169754e+10
5.912632632632633388e-07 1.689738291155692673e+10
5.912672672672672826e-07 1.690544913773980331e+10
5.912712712712713322e-07 1.689168352647444534e+10
5.912752752752752760e-07 1.688186247945822525e+10
5.912792792792793257e-07 1.687815778088328552e+10
5.912832832832832695e-07 1.687450242656346512e+10
5.912872872872873192e-07 1.688216438146228790e+10
5.912912912912912629e-07 1.686364074893264008e+10
5.912952952952953126e-07 1.688681531367747498e+10
5.912992992992992564e-07 1.689278830600754547e+10
5.913033033033034119e-07 1.689610385138206100e+10
5.913073073073073557e-07 1.689631621241312408e+10
5.913113113113114054e-07 1.688404730816759109e+10
5.913153153153153492e-07 1.689632950287951660e+10
5.913193193193193989e-07 1.689502304197279739e+10
5.913233233233233426e-07 1.689538179743491745e+10
5.913273273273273923e-07 1.688816962493636703e+10
5.913313313313313361e-07 1.687354043927930832e+10
5.913353353353353858e-07 1.686982613064913559e+10
5.913393393393393295e-07 1.686998329053236008e+10
5.913433433433433792e-07 1.688107335129171371e+10
5.913473473473473230e-07 1.689694775329607010e+10
5.913513513513513727e-07 1.688855958906905746e+10
5.913553553553553165e-07 1.688635452924319839e+10
5.913593593593593661e-07 1.689359461000879669e+10
5.913633633633634158e-07 1.689944196023458862e+10
5.913673673673673596e-07 1.688881948961132812e+10
5.913713713713714092e-07 1.688819129714485931e+10
5.913753753753754589e-07 1.689892812189772034e+10
5.913793793793795086e-07 1.688884614398556900e+10
5.913833833833834524e-07 1.687587726274819946e+10
5.913873873873875020e-07 1.688881239522112656e+10
5.913913913913914458e-07 1.688468878219843674e+10
5.913953953953954955e-07 1.687151607244101334e+10
5.913993993993994393e-07 1.687925111422890854e+10
5.914034034034034889e-07 1.688810025985526657e+10
5.914074074074074327e-07 1.689836337380499649e+10
5.914114114114114824e-07 1.689254414836761856e+10
5.914154154154154262e-07 1.688480705272163773e+10
5.914194194194194758e-07 1.685907340609096146e+10
5.914234234234234196e-07 1.687058777017830276e+10
5.914274274274274693e-07 1.686583020329169846e+10
5.914314314314314131e-07 1.688129223547802353e+10
5.914354354354354627e-07 1.687838834034304810e+10
5.914394394394394065e-07 1.689729224407225418e+10
5.914434434434434562e-07 1.689216417023483276e+10
5.914474474474475059e-07 1.687888517465784454e+10
5.914514514514515555e-07 1.686538856482282257e+10
5.914554554554554993e-07 1.687860927265322876e+10
5.914594594594595490e-07 1.688196848349829865e+10
5.914634634634634928e-07 1.689127754236260223e+10
5.914674674674675424e-07 1.689980052832590866e+10
5.914714714714714862e-07 1.686506373718608093e+10
5.914754754754755359e-07 1.687497123242173386e+10
5.914794794794794797e-07 1.687930074992371750e+10
5.914834834834835294e-07 1.688003747025059128e+10
5.914874874874874731e-07 1.687655804043345261e+10
5.914914914914915228e-07 1.686527054590468216e+10
5.914954954954954666e-07 1.688832580072600174e+10
5.914994994994995163e-07 1.687492805939665604e+10
5.915035035035034600e-07 1.687505537904919052e+10
5.915075075075075097e-07 1.688481599029975510e+10
5.915115115115114535e-07 1.688160949960176468e+10
5.915155155155155032e-07 1.687520473622476578e+10
5.915195195195194470e-07 1.686835418966376877e+10
5.915235235235236025e-07 1.686334359414548492e+10
5.915275275275276522e-07 1.688684184977993774e+10
5.915315315315315960e-07 1.686340722099346924e+10
5.915355355355356456e-07 1.686512036781192780e+10
5.915395395395395894e-07 1.687179874951873779e+10
5.915435435435436391e-07 1.687108120641945267e+10
5.915475475475475829e-07 1.685044006939532471e+10
5.915515515515516325e-07 1.687967651610010910e+10
5.915555555555555763e-07 1.686344396746301651e+10
5.915595595595596260e-07 1.686909651145851517e+10
5.915635635635635698e-07 1.687017605857056808e+10
5.915675675675676194e-07 1.686139564835309219e+10
5.915715715715715632e-07 1.687540499422755051e+10
5.915755755755756129e-07 1.687909205568362045e+10
5.915795795795795567e-07 1.686194120897740555e+10
5.915835835835836063e-07 1.688226024290282822e+10
5.915875875875875501e-07 1.686902111171008682e+10
5.915915915915917057e-07 1.686220904058247375e+10
5.915955955955956495e-07 1.686751498031883240e+10
5.915995995995996991e-07 1.688199704989131927e+10
5.916036036036036429e-07 1.688098517862596893e+10
5.916076076076076926e-07 1.685244952118556976e+10
5.916116116116116364e-07 1.685972702165676880e+10
5.916156156156156860e-07 1.686913299063172150e+10
5.916196196196196298e-07 1.684821885363237000e+10
5.916236236236236795e-07 1.687064668531018066e+10
5.916276276276276233e-07 1.686723365375839233e+10
5.916316316316316729e-07 1.688564721874453354e+10
5.916356356356356167e-07 1.686963586814678192e+10
5.916396396396396664e-07 1.687193317807056046e+10
5.916436436436436102e-07 1.687617166211842728e+10
5.916476476476476599e-07 1.686863570521828842e+10
5.916516516516516036e-07 1.687521327320429611e+10
5.916556556556556533e-07 1.687605046825187302e+10
5.916596596596595971e-07 1.685518286768769455e+10
5.916636636636637526e-07 1.686416811765462494e+10
5.916676676676676964e-07 1.685718838679505539e+10
5.916716716716717461e-07 1.686298442531755829e+10
5.916756756756756899e-07 1.686480093720090485e+10
5.916796796796797395e-07 1.686479305976251221e+10
5.916836836836837892e-07 1.685740251700968933e+10
5.916876876876877330e-07 1.686474932489681244e+10
5.916916916916917827e-07 1.686398956321754456e+10
5.916956956956957265e-07 1.686606357749139404e+10
5.916996996996997761e-07 1.685244647126385880e+10
5.917037037037037199e-07 1.687365314431866455e+10
5.917077077077077696e-07 1.686674401861936569e+10
5.917117117117117134e-07 1.686907205121591187e+10
5.917157157157157630e-07 1.686758128848973465e+10
5.917197197197197068e-07 1.686519450427925491e+10
5.917237237237237565e-07 1.686477700261439133e+10
5.917277277277277003e-07 1.687602878502862930e+10
5.917317317317318558e-07 1.685559114745227051e+10
5.917357357357357996e-07 1.685961269495518112e+10
5.917397397397398493e-07 1.685174341299449921e+10
5.917437437437437931e-07 1.686984411010882568e+10
5.917477477477478427e-07 1.685541524996777344e+10
5.917517517517517865e-07 1.685660281127095032e+10
5.917557557557558362e-07 1.686103268162097168e+10
5.917597597597597800e-07 1.685616361408140564e+10
5.917637637637638296e-07 1.685014038054503632e+10
5.917677677677677734e-07 1.687111622923403931e+10
5.917717717717718231e-07 1.686989162305813599e+10
5.917757757757757669e-07 1.688704522041226959e+10
5.917797797797798165e-07 1.685953581583130646e+10
5.917837837837837603e-07 1.685717101514005280e+10
5.917877877877878100e-07 1.687274622614408493e+10
5.917917917917917538e-07 1.687412075589439392e+10
5.917957957957958034e-07 1.685648935639508438e+10
5.917997997997997472e-07 1.686435685598621750e+10
5.918038038038039028e-07 1.687255799798727798e+10
5.918078078078078466e-07 1.686069962034748459e+10
5.918118118118118962e-07 1.685178884302248764e+10
5.918158158158158400e-07 1.686927248423482895e+10
5.918198198198198897e-07 1.684254938917384338e+10
5.918238238238238335e-07 1.684247329773089218e+10
5.918278278278278831e-07 1.685124437667299652e+10
5.918318318318318269e-07 1.685551392446347809e+10
5.918358358358358766e-07 1.684053290606834412e+10
5.918398398398399263e-07 1.685282578039531708e+10
5.918438438438438700e-07 1.684809714003610229e+10
5.918478478478479197e-07 1.684838149266708374e+10
5.918518518518518635e-07 1.685937497514367676e+10
5.918558558558559132e-07 1.685857224183527374e+10
5.918598598598598570e-07 1.685403623822425079e+10
5.918638638638639066e-07 1.687326947046479416e+10
5.918678678678678504e-07 1.685363419798983765e+10
5.918718718718720060e-07 1.685583990296691513e+10
5.918758758758759497e-07 1.683528513628870010e+10
5.918798798798799994e-07 1.685441625344076920e+10
5.918838838838839432e-07 1.683964517363782883e+10
5.918878878878879929e-07 1.684120333142854691e+10
5.918918918918919366e-07 1.684465265116402817e+10
5.918958958958959863e-07 1.687140656840702057e+10
5.918998998998999301e-07 1.684906674144883347e+10
5.919039039039039798e-07 1.684606176884868622e+10
5.919079079079079236e-07 1.685754365433045197e+10
5.919119119119119732e-07 1.684606224289028931e+10
5.919159159159159170e-07 1.684512763985764313e+10
5.919199199199199667e-07 1.683884235066732788e+10
5.919239239239239105e-07 1.685830954682215881e+10
5.919279279279279601e-07 1.686231551416395569e+10
5.919319319319319039e-07 1.684830844189083862e+10
5.919359359359359536e-07 1.685637325922911835e+10
5.919399399399398974e-07 1.685166475715841675e+10
5.919439439439440529e-07 1.683841416420885086e+10
5.919479479479479967e-07 1.687383145004192734e+10
5.919519519519520464e-07 1.686191251736568069e+10
5.919559559559559902e-07 1.683217791613209915e+10
5.919599599599600398e-07 1.683773920848752975e+10
5.919639639639639836e-07 1.684391338309888840e+10
5.919679679679680333e-07 1.685857883861033249e+10
5.919719719719719771e-07 1.684027534806250381e+10
5.919759759759760267e-07 1.685679938630601120e+10
5.919799799799799705e-07 1.683991692449002457e+10
5.919839839839840202e-07 1.685921113217327881e+10
5.919879879879879640e-07 1.684272332295981216e+10
5.919919919919920136e-07 1.684312428459275818e+10
5.919959959959959574e-07 1.684698838719252777e+10
5.920000000000000071e-07 1.684159906677813721e+10
